3274
31989
28835
25652
23355
12042
20547
26655
22979
9478
9674
23635
21759
14120
5769
32354
11593
30477
25722
17887
16956
18519
31220
25117
20370
25508
31522
3394
39
18739
31852
5519
11354
29750
32269
29224
32473
16888
1102
1848
25317
7815
20614
10065
18448
32087
5375
11202
10474
15528
4259
20813
15351
9311
18768
18406
15194
4746
25788
9029
22878
23603
25260
3339
22364
23739
2166
25838
2641
8746
2198
8530
1151
14351
22644
22162
14078
30267
27501
30134
15464
13373
5379
30315
20997
25931
30828
28514
24991
6966
274
2093
11222
8970
9427
14383
22406
21665
26898
27819
